64632722976954226451692044676362
75694035995457612140273739694423
90460710964663006409338646600052
09809928696426481496093651761281
46337633599963798970806435260294
03971238127966065864020684286246
73385668950712390933359391353732
06075886303726637980674587247587
39787743790956447455112204871674
74573900121608392846168128936694
24156377505508458019611012370412
92975842019323805121433576471612
00980502825053134360807582490530
74071390570203576276253097294791
42055250982910804866528492342476
68130931780801849724920073699458
48169776797705114355756402328002
11808777744717982630494648840091
29427304763044063469515116636750
61334593153796420235399657034740
87444577025281683069977647986386
24060762214041171980668057843605
33452074325758667783583253609964
22942917384862639664417143254006
21360635473091317151423885325519
76592858708823994738968933409598
36976655733165222523325659646749
54610169620473818062210709468054
43776462698526826460690686386023
40226854931309683419538313273629
84265904418626560876351485124632
07956101587744364147681735191443
25906111919574345014851322358980
49100429736772152492125360049973
80696004391234758892047878387047
20882125059517025148716491583985
18439801696768149547923068199972
71591707777578176765095606797425
59497686553365224874742710984352
21118993738300748416035134207922
35516563858055641722195649639072
53528378880656074417383982592238
50253954950520486759501526658936
17158798493617476981099475965448
17306481537624585617502361138511
27191127695833819084009842147552
29350527607236326388607028625167
01336704798253637523515911172743
87667836919555022279529752470820
80970230547027442367776290211649
93617132605801445232907129237626
10884130400616281530723016304876
07640166164556562881041307465345
23044638573248089091435401356700
02471756780180190015561594274576
73303880883984816962799862507266
82712513642400762589580125390978
34162498034052677792795968060763
47163043503122829768829509326262
19852487548967376057242457739561
44661648029813503275811580905512
19027420928256280951066175142484
59845146359011833345138089535572
47708163875113548112402519875719
48152000762819420647662982651865
88200337158442660038978716424005
82587880565101814315392468928977
15713511362400744897033612891885
36683999623822482572830151299342
12061059487621756496909514607240
46676270069508284174369407699093
76258180097079811774481657840799
52655665737458885749658156875781
14673440027507554970754212181993
58282694881056696323887108919164
98335405216982067217280289672211
16780734013056620913715731456897
66795037498956456505763099559646
41594098999653439418268475172636
90850952858504191293897559497778
97406126622795807837734449538318
27819277416365555144491086381666
46758625010886437893925990826402
37916486596352641792042140526659
36110995068786114046667282540244
87798749336310552939703558950511
29038643926321872481418108925230
33310941134465319125219410782086
63982614980553664138423540372450
74800069067515156630987583237734
22644466031104870491277321699953
34778331864903839761634850962715
18594804755903293909470191918099
94152311871003934251172082494383
79015233966117561292935971824973
08652913774941763604956784125876
84105233102619477618495266717475
01663115153369037311394973247000
16867931464076551864725578150173
95994300162929657425772475197028
